3,2
10,161
10,167
10,29
10,27
10,73
10,2
10,3
11,18
11,20
11,8
11,7
11,14
11,17
11,10
11,12
11,2
11,3
9,5
9,2
9,3
8,8
8,5
8,6
8,2
8,3
12,2
12,1
12,3
11,30
11,29
11,28
11,27
11,26
11,25
11,24
11,23
11,22
11,1
11,21
10,315
10,314
10,313
10,312
10,311
10,310
10,309
10,308
10,307
10,306
10,305
10,304
10,303
10,302
10,301
10,300
10,299
10,298
10,297
10,296
10,295
10,294
10,293
10,292
10,291
10,290
10,289
10,288
10,287
20,2
10,286
20,1
10,285
20,3
10,284
10,283
10,282
10,281
10,280
10,279
10,278
10,277
10,276
10,275
10,274
10,273
10,272
10,271
10,270
10,269
10,268
10,267
10,266
10,265
19,2
10,264
19,1
10,263
19,3
10,262
10,261
10,260
10,259
10,258
10,257
10,256
10,255
10,254
10,253
10,252
